14,24
0,550
0,600
0,571
0,552
0,637
0,586
0,638
0,273
0,587
0,270
0,545
0,554
3,2
3,1
3,3
10,17
10,263
10,225
10,283
10,133
10,35
10,281
10,195
10,2
10,3
11,9
11,22
11,4
11,12
11,27
9,5
8,5
8,14
8,15
8,10
8,8
18,1
18,3
14,34
2,2
2,1
2,3
393,4
393,3
393,2
393,1
393,0
390,5
390,4
390,3
390,2
390,1
390,0
388,4
388,3
388,2
388,1
388,0
387,7
387,6
387,5
387,4
387,3
387,2
387,1
387,0
384,4
384,3
384,2
384,1
384,0
383,4
383,3
383,2
383,1
383,0
382,3
382,2
382,1
382,0
381,3
381,2
381,1
381,0
380,3
380,2
380,1
380,0
379,4
379,3
379,2
379,1
379,0
378,4
378,3
378,2
378,1
378,0
376,4
376,3
376,1
228,5
228,1
226,3
226,1
125,116
125,115
125,114
125,113
125,112
125,111
125,110
125,109
125,108
125,107
125,106
125,105
125,104
125,103
125,102
125,1
20,3
20,2
20,1
19,3
